  0.0000000e+000  2.7316440e-001
  1.0000000e-001  1.4411079e+000
  2.0000000e-001  2.6693138e+000
  3.0000000e-001  4.2383806e+000
  4.0000000e-001  5.6499504e+000
  5.0000000e-001  6.9489214e+000
  6.0000000e-001  8.4234922e+000
  7.0000000e-001  9.7402175e+000
  8.0000000e-001  1.1202077e+001
  9.0000000e-001  1.2641944e+001
  1.0000000e+000  1.4119110e+001
  1.1000000e+000  1.4143788e+001
  1.2000000e+000  1.3868911e+001
  1.3000000e+000  1.4228543e+001
  1.4000000e+000  1.4349276e+001
  1.5000000e+000  1.4332521e+001
  1.6000000e+000  1.4485844e+001
  1.7000000e+000  1.4544145e+001
  1.8000000e+000  1.4663928e+001
  1.9000000e+000  1.4723150e+001
  2.0000000e+000  1.4762523e+001
  2.1000000e+000  1.4567879e+001
  2.2000000e+000  1.4700960e+001
  2.3000000e+000  1.4935190e+001
  2.4000000e+000  1.4835846e+001
  2.5000000e+000  1.4939327e+001
  2.6000000e+000  1.5135346e+001
  2.7000000e+000  1.5135338e+001
  2.8000000e+000  1.5306380e+001
  2.9000000e+000  1.5132562e+001
  3.0000000e+000  1.5381284e+001
  3.1000000e+000  1.5236603e+001
  3.2000000e+000  1.5322400e+001
  3.3000000e+000  1.5562711e+001
  3.4000000e+000  1.5585964e+001
  3.5000000e+000  1.5553633e+001
  3.6000000e+000  1.5704080e+001
  3.7000000e+000  1.5741746e+001
  3.8000000e+000  1.5777032e+001
  3.9000000e+000  1.5958193e+001
  4.0000000e+000  1.5851034e+001
  4.1000000e+000  1.4431351e+001
  4.2000000e+000  1.2597492e+001
  4.3000000e+000  1.1252899e+001
  4.4000000e+000  9.6343471e+000
  4.5000000e+000  8.0758193e+000
  4.6000000e+000  6.3308060e+000
  4.7000000e+000  4.8680179e+000
  4.8000000e+000  3.0927459e+000
  4.9000000e+000  1.6899772e+000
  5.0000000e+000 -2.1230924e-001
  5.1000000e+000 -9.7152877e-001
  5.2000000e+000 -2.0733323e+000
  5.3000000e+000 -3.0773376e+000
  5.4000000e+000 -3.9848158e+000
  5.5000000e+000 -5.0336843e+000
  5.6000000e+000 -5.9029239e+000
  5.7000000e+000 -7.0107236e+000
  5.8000000e+000 -7.8986508e+000
  5.9000000e+000 -9.0475347e+000
  6.0000000e+000 -9.9931052e+000
  6.1000000e+000 -9.8490297e+000
  6.2000000e+000 -9.6661452e+000
  6.3000000e+000 -9.6046216e+000
  6.4000000e+000 -9.5843230e+000
  6.5000000e+000 -9.5816218e+000
  6.6000000e+000 -9.4019202e+000
  6.7000000e+000 -9.1890537e+000
  6.8000000e+000 -9.2108833e+000
  6.9000000e+000 -8.9708582e+000
  7.0000000e+000 -8.7781810e+000
  7.1000000e+000 -8.7532819e+000
  7.2000000e+000 -8.6501691e+000
  7.3000000e+000 -8.5149324e+000
  7.4000000e+000 -8.3228463e+000
  7.5000000e+000 -8.1884909e+000
  7.6000000e+000 -8.3247360e+000
  7.7000000e+000 -8.0905693e+000
  7.8000000e+000 -7.9411118e+000
  7.9000000e+000 -7.9152913e+000
  8.0000000e+000 -7.5282460e+000
  8.1000000e+000 -7.5810719e+000
  8.2000000e+000 -7.6406509e+000
  8.3000000e+000 -7.3632566e+000
  8.4000000e+000 -7.2633092e+000
  8.5000000e+000 -7.1462284e+000
  8.6000000e+000 -7.2824020e+000
  8.7000000e+000 -6.8462979e+000
  8.8000000e+000 -7.0498736e+000
  8.9000000e+000 -6.6668252e+000
  9.0000000e+000 -6.7776371e+000
  9.1000000e+000 -6.5170086e+000
  9.2000000e+000 -6.3479214e+000
  9.3000000e+000 -6.2515036e+000
  9.4000000e+000 -6.2185173e+000
  9.5000000e+000 -6.2037124e+000
  9.6000000e+000 -6.0111919e+000
  9.7000000e+000 -5.9691919e+000
  9.8000000e+000 -5.9442784e+000
  9.9000000e+000 -5.7568067e+000
  1.0000000e+001 -5.4967206e+000
  1.0100000e+001 -5.3890285e+000
  1.0200000e+001 -5.3748506e+000
  1.0300000e+001 -5.2160427e+000
  1.0400000e+001 -5.0653680e+000
  1.0500000e+001 -4.9800986e+000
  1.0600000e+001 -4.8631331e+000
  1.0700000e+001 -4.5697048e+000
  1.0800000e+001 -4.8943903e+000
  1.0900000e+001 -4.5216533e+000
  1.1000000e+001 -4.4154551e+000
  1.1100000e+001 -4.2671072e+000
  1.1200000e+001 -4.2803082e+000
  1.1300000e+001 -4.0223359e+000
  1.1400000e+001 -3.9828129e+000
  1.1500000e+001 -3.8040067e+000
  1.1600000e+001 -3.6814009e+000
  1.1700000e+001 -3.5344749e+000
  1.1800000e+001 -3.5619900e+000
  1.1900000e+001 -3.3127391e+000
  1.2000000e+001 -3.3105316e+000
  1.2100000e+001 -3.3651859e+000
  1.2200000e+001 -3.1260812e+000
  1.2300000e+001 -3.0504968e+000
  1.2400000e+001 -3.0618030e+000
  1.2500000e+001 -2.8195250e+000
  1.2600000e+001 -2.7281635e+000
  1.2700000e+001 -2.4834779e+000
  1.2800000e+001 -2.4105081e+000
  1.2900000e+001 -2.2450488e+000
  1.3000000e+001 -2.1937977e+000
  1.3100000e+001 -2.1256652e+000
  1.3200000e+001 -2.0089646e+000
  1.3300000e+001 -1.8599728e+000
  1.3400000e+001 -1.6612947e+000
  1.3500000e+001 -1.5860937e+000
  1.3600000e+001 -1.6911199e+000
  1.3700000e+001 -1.4323552e+000
  1.3800000e+001 -1.3555511e+000
  1.3900000e+001 -1.1650490e+000
  1.4000000e+001 -1.1411252e+000
  1.4100000e+001 -8.8657232e-001
  1.4200000e+001 -9.0682453e-001
  1.4300000e+001 -9.2448445e-001
  1.4400000e+001 -5.2713209e-001
  1.4500000e+001 -5.1147199e-001
  1.4600000e+001 -3.8790604e-001
  1.4700000e+001 -4.0269559e-001
  1.4800000e+001 -1.3883530e-001
  1.4900000e+001 -3.3484895e-001
  1.5000000e+001  1.0976441e-001
